2623628
2623703
2623656
2623681
2623668
2623659
2623714
2623742
2623754
2623639
2623624
2623658
2623702
2623711
2623755
2623750
2623616
2623663
2623700
2623758
2623610
2623652
2623695
2623715
2623725
2623734
2623651
2623689
2623665
2623712
2623676
2623710
2623678
2623648
2623661
2623618
2623699
2623719
2623709
2623613
2623694
2623609
2623735
2623751
2623669
2623631
2623673
2623759
2623731
2623760
2623730
2623611
2623635
2623662
2623686
2623747
2623708
2623716
2623727
2623636
2623623
2623614
2623627
2623640
2623743
2623615
2623612
2623637
2623680
2623736
2623732
2623749
2623625
2623679
2623761
2623650
2623641
2623697
2623739
2623688
2623657
2623744
2623630
2623638
2623721
2623692
2623647
2623740
2623691
2623756
2623670
2623642
2623683
2623723
2623632
2623705
2623713
2623726
2623671
2623698
2623620
2623748
2623653
2623654
2623675
2623729
2623717
2623633
2623720
2623634
2623672
2623622
2623617
2623687
2623685
2623677
2623619
2623674
2623644
2623690
2623724
2623693
2623704
2623646
2623728
2623746
2623733
2623737
2623645
2623701
2623684
2623655
2623718
2623741
2623682
2623643
2623621
2623629
2623706
2623707
2623738
2623626
2623745
2623757
2623660
2623664
2623722
2623649
2623752