2487682
2487596
2487672
2487636
2487648
2487659
2487685
2487686
2487581
2487588
2487677
2487645
2487620
2487689
2487641
2487583
2487651
2487643
2487674
2487637
2487594
2487619
2487653
2487627
2487608
2487668
2487591
2487626
2487644
2487624
2487657
2487578
2487667
2487694
2487604
2487582
2487695
2487640
2487691
2487607
2487683
2487584
2487613
2487633
2487700
2487585
2487650
2487676
2487631
2487697
2487642
2487610
2487693
2487661
2487664
2487684
2487692
2487602
2487618
2487654
2487601
2487600
2487699
2487592
2487623
2487678
2487576
2487577
2487579
2487580
2487586
2487587
2487589
2487590
2487593
2487595
2487597
2487598
2487599
2487603
2487605
2487606
2487609
2487611
2487612
2487614
2487615
2487616
2487617
2487621
2487622
2487625
2487628
2487629
2487630
2487632
2487634
2487635
2487638
2487639
2487646
2487647
2487649
2487652
2487655
2487656
2487658
2487660
2487662
2487663
2487665
2487666
2487669
2487670
2487671
2487673
2487675
2487679
2487681
2487687
2487688
2487690
2487696
2487698
2487701