2339537
2339538
2339539
2339540
2339541
2339543
2339544
2339545
2339546
2339547
2339549
2339550
2339551
2339552
2339553
2339555
2339556
2339557
2339558
2339559
2339571
2339572
2339573
2339574
2339576
2339577
2339578
2339579
2339581
2339582
2339583
2339584
2339586
2339587
2339588
2339589
2339599
2339600
2339601
2339602
2339604
2339605
2339606
2339607
2339609
2339610
2339611
2339612
2339614
2339615
2339616
2339617
2339627
2339628
2339629
2339630
2339631
2339633
2339634
2339635
2339636
2339637
2339639
2339640
2339641
2339642
2339643
2339645
2339646
2339647
2339648
2339649
2339662
2339663
2339664
2339665
2339667
2339668
2339669
2339670
2339672
2339673
2339674
2339675
2339677
2339678
2339679
2339680
2339690
2339691
2339692
2339693
2339695
2339696
2339697
2339699
2339700
2339701
2339702
2339704
2339705
2339706
2339707
2339716
2339717
2339718
2339719
2339720
2339722
2339723
2339724
2339725
2339726
2339728
2339729
2339730
2339731
2339732
2339734
2339735
2339736
2339737
2339738
2339751
2339752
2339753
2339754
2339756
2339757
2339758
2339760
2339761
2339762
