2020418
2020419
2020420
2020421
2020423
2020424
2020425
2020426
2020428
2020429
2020430
2020431
2020433
2020434
2020435
2020436
2020438
2020439
2020440
2020442
2020443
2020444
2020445
2020479
2020480
2020481
2020483
2020484
2020485
2020487
2020488
2020489
2020491
2020492
2020493
2020495
2020496
2020497
2020499
2020500
2020501
2020503
2020504
2020505
2020507
2020508
2020509
2020511
2020512
2020513
2020515
2020516
2020517
2020519
2020520
2020521
2020546
2020547
2020548
2020549
2020550
2020551
2020552
2020553
2020554
2020555
2020556
2020557
2020558
2020559
2020560
2020561
2020562
2020563
2020564
2020565
2020566
2020567
2020568
2020569
2020570
2020571
2020572
2020573
2020574
2020575
2020576
2020577
2020578
2020579
2020580
2020581
2020582
2020583
2020584
2020585
2020586
2020587
2020588
2020589
2020590
2020591
2020592
2020593
2020594
2020595
2020596
2020597
2020598
2020599
2020600
2020601
2020602
2020603
2020604
2020605
2020606
2020607
2020608
2020609
2020610
2020611
2020612
2020613
2020614
2020615